1 91 111
1 91 90
1 91 92
1 91 111
1 57 58
1 57 77
1 90 89
1 90 91
1 90 110
1 92 72
1 92 91
1 92 93
1 92 112
1 158 159
1 163 143
1 163 162
1 163 164
1 163 183
1 196 176
1 196 195
1 196 197
1 45 25
1 45 44
1 45 46
1 54 34
1 54 53
1 54 55
1 54 74
1 102 101
1 102 122
1 101 100
1 101 102
1 101 121
1 36 16
1 192 172
1 192 191
1 192 193
1 35 15
1 173 153
1 173 193
1 195 175
1 195 194
1 22 2
1 22 21
1 22 23
1 22 42
1 8 7
1 31 11
1 31 30
1 31 32
1 14 13
1 111 131
1 142 141
1 142 162
1 86 106
1 71 51
1 71 70
1 71 72
1 71 91
1 25 24
1 25 26
1 52 72
1 151 131
1 151 150
1 151 152
1 72 52
1 160 140
1 160 161
1 199 179
1 73 74
1 73 93
1 86 85
1 86 87
1 86 106
1 147 127
1 147 148
1 147 167
1 123 103
1 123 122
1 123 124
1 146 145
1 146 166
1 168 169
1 87 67
1 87 86
1 87 107
1 121 101
1 121 141
1 63 62
1 63 64
1 101 81
1 101 100
1 101 121
1 178 177
1 178 179
1 70 71
1 32 12
1 32 31
1 32 52
1 48 47
1 58 38
1 58 78
1 20 0
1 20 21
1 20 40
1 197 177
1 197 198
1 178 158
1 178 177
1 160 140
1 160 161
1 8 7
1 8 9
1 16 17
1 16 36
1 170 150
1 170 169
1 170 171
1 170 190
1 76 56
1 76 75
1 104 84
1 104 105
1 4 3
1 4 5
1 4 24
1 166 146
1 166 186
1 184 183
1 0 1
1 7 8
1 35 15
1 6 26
1 159 139
1 159 179
1 90 70
1 83 84
1 83 103
1 155 135
1 155 154
1 116 115
1 116 117
1 32 33
1 103 102
1 1 21
1 114 113
1 114 134
1 117 97
1 117 116
1 117 118
1 117 137
1 48 28
1 48 47
1 48 49
1 48 68
1 5 4
1 5 6
1 58 57
1 58 59
1 58 78
1 77 57
1 77 97
1 90 89
1 90 110
1 69 68
1 69 70
1 69 89
1 57 56
1 57 58
1 57 77
1 126 106
1 126 125
1 13 12
1 13 14
1 13 33
1 37 38
1 37 57
1 190 191
1 77 57
1 77 97
1 40 20
1 40 60
1 3 2
1 3 4
1 3 23
1 55 35
1 55 54
1 60 61
1 119 118
1 119 139
1 113 93
1 113 112
1 113 114
1 109 89
1 73 53
1 73 72
1 29 30
1 11 10
1 11 31
1 168 148
1 168 167
1 168 169
1 66 46
1 66 65
1 85 84
1 85 105
1 189 169
1 189 188
1 19 39
1 61 60
1 61 81
1 147 146
1 147 148
1 153 133
1 153 152
1 5 4
1 5 6
1 5 25
1 130 129
1 38 18
1 38 39
1 124 104
1 124 123
1 124 125
1 124 144
1 71 51
1 71 72
1 71 91
1 128 108
1 128 129
1 58 38
1 58 59
1 159 158
1 159 179
1 76 56
1 76 75
1 76 96
1 76 56
1 76 75
1 76 77
1 53 73
1 196 176
1 196 195
1 196 197
1 175 195
1 1 21
1 35 15
1 35 34
1 120 121
1 175 174
1 175 176
1 130 110
1 127 126
1 127 147
1 172 152
1 172 192
1 173 172
1 173 174
1 173 193
1 139 159
1 178 177
1 178 198
1 199 179
1 199 198
1 10 9
1 177 157
1 177 176
1 177 178
1 177 197
1 26 6
1 26 27
1 26 46
1 83 63
1 83 103
1 47 27
1 47 46
1 47 67
1 172 171
1 68 48
1 68 67
1 68 69
1 68 88
1 34 54
1 47 27
1 47 46
1 47 67
1 43 23
1 43 42
1 43 44
1 43 63
1 82 81
1 82 102
1 51 31
1 51 71
1 164 165
1 55 75
1 88 89
1 88 108
1 159 139
1 159 158
1 10 9
1 10 30
1 82 62
1 82 81
1 64 63
1 64 84
1 73 72
1 73 93
1 154 134
1 154 153
1 154 155
1 171 172
1 171 191
1 86 106
1 132 133
1 194 195
1 129 109
1 129 128
1 129 130
1 129 149
1 171 151
1 171 170
1 171 191
1 44 24
1 44 43
1 140 160
1 159 158
1 112 92
1 112 113
1 114 113
1 84 64
1 84 83
1 84 104
1 159 179
1 22 2
1 22 23
1 22 42
1 141 140
1 172 152
1 172 171
1 172 173
1 185 184
1 68 88
1 42 22
1 42 62
1 54 53
1 54 74
1 125 124
1 125 126
1 105 125
1 123 124
1 123 143
1 26 6
1 26 27
1 58 57
1 58 59
1 103 83
1 103 102
1 103 104
1 103 123
1 1 2
1 119 118
1 119 139
1 5 6
1 5 25
1 81 61
1 81 82
1 102 82
1 9 10
1 185 186
1 135 115
1 135 134
1 135 155
