1 61 60
1 29 28
1 20 0
1 20 21
1 20 40
1 63 62
1 63 64
1 70 71
1 126 106
1 126 127
1 190 170
1 190 189
1 145 144
1 155 135
1 155 156
1 155 175
1 135 134
1 135 155
1 135 136
1 135 155
1 69 49
1 69 89
1 145 144
1 145 146
1 145 165
1 172 171
1 172 173
1 123 103
1 123 122
1 197 177
1 45 25
1 45 65
1 193 173
1 193 194
1 8 7
1 8 9
1 45 25
1 45 44
1 45 46
1 154 134
1 154 174
1 124 123
1 194 174
1 194 193
1 45 44
1 45 46
1 30 10
1 30 29
1 30 50
1 120 100
1 134 133
1 134 135
1 134 154
1 75 55
1 75 95
1 36 35
1 36 56
1 156 155
1 32 12
1 32 31
1 184 164
1 184 185
1 76 96
1 174 154
1 81 82
1 95 94
1 95 96
1 26 6
1 26 25
1 26 27
1 199 179
1 23 22
1 102 101
1 146 166
1 16 15
1 16 17
1 126 106
1 126 127
1 126 146
1 189 188
1 122 121
1 122 123
1 122 142
1 25 26
1 147 127
1 26 25
1 26 46
1 36 16
1 36 37
1 131 111
1 131 151
1 131 130
1 188 187
1 42 41
1 42 43
1 42 62
1 90 89
1 90 110
1 71 70
1 71 72
1 58 57
1 58 59
1 102 101
1 102 103
1 102 122
1 22 23
1 142 122
1 142 143
1 142 162
1 145 125
1 145 146
1 145 165
1 61 62
1 61 81
1 103 83
1 103 104
1 152 132
1 152 153
1 152 172
1 44 43
1 152 151
1 111 110
1 111 112
1 152 172
1 88 87
1 88 89
1 88 108
1 40 41
1 180 181
1 76 56
1 76 75
1 76 96
1 83 63
1 83 82
1 83 84
1 83 103
1 170 150
1 170 190
1 88 89
1 88 108
1 67 87
1 130 110
1 130 150
1 30 10
1 30 29
1 28 27
1 28 29
1 71 51
1 71 91
1 33 34
1 33 53
1 193 173
1 90 70
1 23 3
1 23 24
1 50 30
1 104 103
1 104 105
1 104 124
1 61 41
1 61 62
1 61 81
1 59 39
1 59 58
1 59 79
1 98 99
1 93 73
1 93 94
1 93 113
1 70 50
1 70 69
1 171 151
1 171 170
1 171 172
1 55 54
1 55 75
1 159 158
1 103 83
1 103 104
1 103 123
1 27 7
1 27 28
1 198 197
1 123 124
1 34 35
1 104 84
1 104 105
1 84 64
1 84 85
1 130 129
1 130 131
1 143 123
1 143 144
1 106 86
1 106 107
1 89 88
1 89 90
1 89 109
1 175 155
1 175 195
1 12 11
1 12 13
1 12 32
1 195 194
1 109 129
1 50 30
1 50 70
1 102 101
1 102 103
1 72 52
1 72 73
1 72 92
1 89 69
1 60 61
1 55 35
1 55 75
1 51 50
1 51 52
1 137 117
1 137 136
1 137 138
1 137 157
1 71 51
1 71 91
1 25 5
1 25 26
1 198 197
1 92 93
1 31 32
1 45 25
1 45 65
1 75 55
1 75 74
1 75 95
1 38 37
1 38 39
1 77 76
1 77 97
1 182 181
1 182 183
1 139 119
1 139 159
1 63 64
1 100 101
1 100 120
1 48 47
1 48 49
1 107 106
1 107 108
1 21 1
1 21 22
1 64 65
1 41 42
1 159 139
1 159 158
1 41 40
1 41 61
1 24 4
1 24 23
1 38 18
1 38 37
1 38 58
1 109 89
1 109 129
1 24 25
1 167 168
1 167 187
1 190 170
1 85 65
1 85 84
1 85 86
1 85 105
1 86 66
1 86 87
1 176 156
1 176 177
1 93 73
1 93 92
1 93 94
1 93 113
1 0 20
1 90 70
1 90 91
1 90 110
1 32 12
1 32 31
1 74 54
1 74 75
1 74 94
1 41 21
1 41 40
1 41 42
1 104 84
1 104 103
1 108 109
1 108 128
1 185 165
1 185 184
1 185 186
1 161 141
1 161 162
1 113 114
1 56 55
1 51 31
1 51 50
1 51 52
1 7 6
1 89 69
1 89 90
1 12 13
1 72 52
1 72 71
1 66 67
1 66 86
1 92 93
1 92 112
1 119 99
1 119 139
1 105 85
1 105 106
1 7 6
1 7 8
1 171 151
1 171 172
1 29 28
1 29 49
1 32 12
1 32 33
1 32 52
1 83 63
1 59 39
1 42 43
1 42 62
1 52 32
1 52 51
1 52 72
1 119 118
1 176 156
1 176 175
1 176 177
1 7 8
1 7 27
1 42 43
