1 193 173
1 176 156
1 176 175
1 176 196
1 20 21
1 20 40
1 154 134
1 154 155
1 0 1
1 0 20
1 151 131
1 189 190
1 34 14
1 34 54
1 146 126
1 146 145
1 146 166
1 123 103
1 123 122
1 123 124
1 181 161
1 181 182
1 191 171
1 191 190
1 191 192
1 169 168
1 117 97
1 117 137
1 67 47
1 181 182
1 83 84
1 83 103
1 157 158
1 157 177
1 87 107
1 38 58
1 180 160
1 180 181
1 75 55
1 75 74
1 75 95
1 186 166
1 144 124
1 144 143
1 144 145
1 79 59
1 79 78
1 79 99
1 53 33
1 53 52
1 53 73
1 49 29
1 49 48
1 49 50
1 49 69
1 54 53
1 28 48
1 166 167
1 61 41
1 61 60
1 61 62
1 61 81
1 106 86
1 138 139
1 134 135
1 43 42
1 43 63
1 94 93
1 94 95
1 151 152
1 151 171
1 37 17
1 37 38
1 37 57
1 189 169
1 189 190
1 144 124
1 144 143
1 144 164
1 193 173
1 193 192
1 193 194
1 127 126
1 11 31
1 3 4
1 146 145
1 146 147
1 146 166
1 111 91
1 40 20
1 17 16
1 17 18
1 17 37
1 0 1
1 0 20
1 154 153
1 137 136
1 11 12
1 11 31
1 53 73
1 43 23
1 43 63
1 52 53
1 52 72
1 40 20
1 40 41
1 40 60
1 139 138
1 139 159
1 62 42
1 62 82
1 157 137
1 157 156
1 157 158
1 157 177
1 132 112
1 132 152
1 50 30
1 50 49
1 50 51
1 23 24
1 118 119
1 88 68
1 66 86
1 115 95
1 115 116
1 115 135
1 123 122
1 108 88
1 181 161
1 181 180
1 181 182
1 115 116
1 115 135
1 145 125
1 145 165
1 168 148
1 168 188
1 81 61
1 81 80
1 81 82
1 81 101
1 182 181
1 143 123
1 3 2
1 34 14
1 34 35
1 34 14
1 34 33
1 34 35
1 43 23
1 43 63
1 24 25
1 24 44
1 146 126
1 146 147
1 50 49
1 50 51
1 3 2
1 3 4
1 25 26
1 4 3
1 4 5
1 135 115
1 112 92
1 112 113
1 86 66
1 86 85
1 86 106
1 111 91
1 111 112
1 70 50
1 54 34
1 54 53
1 54 55
1 41 21
1 41 61
1 129 130
1 67 66
1 125 105
1 125 124
1 125 126
1 21 1
1 11 12
1 11 31
1 148 128
1 148 147
1 148 149
1 148 168
1 23 22
1 23 43
1 26 25
1 26 27
1 86 87
1 86 106
1 67 87
1 117 97
1 112 113
1 1 0
1 1 2
1 1 21
1 168 148
1 168 169
1 168 188
1 120 100
1 120 121
1 19 18
1 19 39
1 184 185
1 95 94
1 90 91
1 90 110
1 52 32
1 52 53
1 197 177
1 197 196
1 148 147
1 93 92
1 93 94
1 93 113
1 143 163
1 198 178
1 198 199
1 93 73
1 93 94
1 93 113
1 173 172
1 38 37
1 38 58
1 149 129
1 149 169
1 106 105
1 106 126
1 157 156
1 157 158
1 157 177
1 123 103
1 123 122
1 123 143
1 145 146
1 145 165
1 97 77
1 97 98
1 97 117
1 13 14
1 13 33
1 143 144
1 105 85
1 105 125
1 4 3
1 155 135
1 155 154
1 155 156
1 155 175
1 179 199
1 90 89
1 90 91
1 96 76
1 96 95
1 96 97
1 72 52
1 72 92
1 70 69
1 151 171
1 116 96
1 116 115
1 38 18
1 38 39
1 38 58
1 26 6
1 26 25
1 26 27
1 186 166
1 186 187
1 179 199
1 45 25
1 45 44
1 45 46
1 6 5
1 6 7
1 109 89
1 16 15
1 86 66
1 130 131
1 0 1
1 88 87
1 88 89
1 88 108
1 54 34
1 192 191
1 192 193
1 33 13
1 33 32
1 168 148
1 168 167
1 168 169
1 132 131
1 69 68
1 69 70
1 69 89
1 87 67
1 87 86
1 87 88
1 63 83
1 134 135
1 134 154
1 24 4
1 24 44
1 184 164
1 184 183
1 184 185
1 22 23
1 84 64
1 84 83
1 22 2
1 22 42
1 131 132
1 199 179
1 199 198
1 185 184
1 185 186
1 125 105
1 125 126
1 125 145
1 142 122
1 142 143
1 146 145
1 146 147
1 39 19
1 39 59
1 99 98
1 47 27
1 47 67
1 96 97
1 96 116
1 34 33
1 34 54
1 144 124
1 144 145
1 149 148
1 0 1
1 125 105
1 125 124
1 125 126
1 8 28
1 180 160
1 180 181
1 184 183
1 184 185
1 4 3
1 4 24
1 11 10
1 11 12
1 11 31
1 83 63
1 83 84
