1 41 40
1 41 42
1 124 104
1 124 123
1 124 125
1 124 144
1 91 90
1 91 111
1 191 171
1 191 190
1 92 72
1 92 93
1 92 112
1 95 94
1 95 115
1 69 49
1 94 95
1 73 53
1 68 67
1 68 69
1 178 158
1 178 179
1 178 198
1 88 68
1 88 87
1 88 89
1 88 108
1 48 28
1 48 49
1 170 150
1 170 169
1 148 149
1 148 168
1 156 136
1 156 155
1 156 157
1 108 88
1 108 109
1 137 117
1 137 136
1 137 138
1 141 161
1 104 84
1 104 105
1 186 187
1 72 52
1 97 77
1 97 96
1 97 98
1 36 56
1 31 11
1 31 30
1 31 32
1 124 104
1 124 123
1 158 157
1 158 159
1 158 178
1 106 86
1 106 107
1 106 126
1 191 171
1 191 192
1 159 139
1 159 179
1 83 84
1 83 103
1 91 71
1 91 90
1 91 92
1 91 111
1 21 1
1 21 22
1 21 41
1 81 61
1 81 101
1 138 118
1 138 137
1 128 127
1 21 1
1 21 41
1 109 89
1 109 129
1 49 48
1 49 50
1 24 4
1 24 23
1 123 122
1 123 143
1 0 1
1 0 20
1 180 160
1 180 181
1 81 80
1 72 52
1 72 71
1 72 73
1 72 92
1 179 159
1 179 199
1 191 190
1 191 192
1 111 91
1 111 110
1 111 112
1 128 108
1 128 127
1 128 129
1 33 32
1 33 34
1 33 53
1 81 61
1 81 80
1 99 98
1 99 119
1 189 188
1 189 190
1 110 130
1 2 3
1 88 68
1 88 108
1 132 131
1 176 175
1 176 177
1 155 135
1 155 175
1 145 125
1 145 144
1 23 22
1 149 148
1 195 194
1 195 196
1 105 85
1 105 104
1 105 125
1 114 113
1 114 134
1 112 92
1 112 111
1 156 155
1 156 157
1 156 176
1 81 61
1 81 80
1 81 82
1 161 160
1 161 181
1 44 43
1 24 4
1 24 23
1 186 185
1 186 187
1 168 148
1 168 188
1 191 171
1 14 13
1 14 15
1 14 34
1 74 54
1 74 94
1 87 86
1 70 69
1 70 71
1 102 82
1 102 122
1 124 123
1 3 2
1 125 124
1 125 126
1 125 145
1 86 66
1 86 85
1 86 106
1 13 12
1 13 14
1 13 33
1 35 36
1 35 55
1 67 66
1 67 68
1 67 87
1 95 75
1 95 115
1 94 74
1 94 93
1 94 114
1 78 79
1 78 98
1 64 63
1 64 65
1 60 40
1 60 61
1 170 169
1 158 138
1 158 159
1 158 178
1 165 166
1 27 26
1 27 47
1 102 82
1 102 103
1 61 62
1 61 81
1 2 1
1 2 3
1 2 22
1 153 133
1 153 152
1 153 154
1 153 173
1 163 143
1 163 164
1 100 101
1 100 120
1 165 166
1 165 185
1 39 38
1 124 123
1 1 0
1 1 2
1 1 21
1 193 173
1 193 194
1 111 91
1 111 112
1 111 131
1 150 151
1 150 170
1 26 25
1 71 72
1 71 91
1 17 16
1 17 37
1 29 30
1 29 49
1 55 54
1 55 56
1 55 75
1 54 34
1 54 74
1 67 47
1 67 68
1 142 122
1 59 79
1 26 6
1 26 46
1 134 133
1 134 135
1 176 175
1 176 177
1 55 35
1 55 54
1 24 4
1 24 23
1 24 44
1 73 53
1 73 93
1 18 17
1 18 38
1 112 132
1 88 87
1 190 191
1 51 31
1 51 50
1 51 52
1 159 139
1 159 179
1 8 7
1 129 109
1 129 130
1 77 97
1 24 23
1 24 44
1 28 27
1 28 48
1 98 78
1 98 118
1 103 104
1 10 30
1 164 144
1 104 84
1 104 103
1 104 105
1 175 176
1 175 195
1 47 27
1 47 46
1 47 67
1 113 114
1 113 133
1 78 77
1 89 69
1 89 90
1 108 88
1 108 107
1 132 112
1 132 131
1 132 152
1 165 145
1 165 185
1 81 61
1 81 80
1 81 82
1 81 101
1 21 1
1 21 20
1 21 22
1 21 41
1 90 91
1 90 110
1 148 147
1 26 25
1 24 4
1 166 146
1 166 167
1 166 186
1 149 129
1 149 148
1 149 169
1 142 143
1 142 162
1 148 128
1 148 147
1 148 149
1 29 9
1 29 30
1 29 49
1 175 176
1 175 195
1 141 121
1 141 140
1 141 142
1 141 161
1 136 116
1 136 135
1 131 111
1 37 17
1 37 36
1 37 38
1 37 57
1 34 35
1 34 54
1 8 7
1 8 28
1 103 83
1 103 104
1 103 123
1 124 144
1 0 1
1 0 20
1 58 38
1 58 78
1 103 83
1 103 123
1 161 160
1 161 162
1 74 54
1 74 73
1 169 149
1 169 170
1 171 191
1 192 193
1 189 169
1 189 188
1 10 11
1 10 30
1 137 136
1 137 138
1 130 129
1 130 131
1 130 150
