1 55 35
1 179 159
1 179 199
1 132 112
1 5 4
1 28 27
1 28 29
1 178 158
1 178 177
1 178 179
1 178 198
1 145 144
1 145 146
1 145 165
1 180 181
1 26 6
1 26 46
1 5 4
1 187 167
1 187 186
1 64 44
1 64 65
1 64 84
1 96 76
1 96 95
1 96 97
1 59 58
1 59 79
1 169 168
1 169 189
1 143 144
1 143 163
1 26 25
1 26 27
1 26 46
1 23 22
1 23 24
1 23 43
1 65 45
1 65 64
1 186 166
1 24 4
1 24 23
1 24 25
1 67 47
1 67 66
1 67 68
1 162 142
1 162 182
1 111 91
1 111 110
1 111 112
1 167 147
1 142 122
1 37 17
1 37 38
1 37 57
1 9 8
1 81 61
1 81 80
1 81 101
1 93 73
1 93 113
1 29 9
1 134 133
1 134 135
1 134 154
1 117 116
1 191 171
1 191 190
1 191 192
1 72 52
1 72 71
1 72 73
1 145 125
1 144 143
1 118 117
1 118 119
1 118 138
1 32 31
1 32 52
1 192 172
1 192 191
1 116 115
1 135 134
1 135 155
1 180 181
1 95 75
1 95 96
1 95 115
1 35 34
1 35 36
1 35 55
1 101 100
1 101 121
1 157 158
1 96 97
1 135 134
1 139 119
1 131 130
1 131 132
1 131 151
1 87 67
1 87 107
1 67 66
1 67 68
1 67 87
1 138 137
1 138 139
1 138 158
1 85 86
1 85 105
1 70 69
1 70 90
1 19 18
1 19 39
1 145 125
1 145 144
1 145 146
1 145 165
1 191 192
1 32 31
1 32 33
1 32 52
1 84 104
1 70 50
1 70 71
1 171 151
1 171 191
1 142 141
1 142 143
1 142 162
1 34 35
1 45 25
1 45 46
1 189 188
1 145 125
1 145 165
1 152 132
1 152 153
1 68 48
1 68 69
1 68 88
1 165 145
1 165 164
1 165 166
1 165 185
1 124 104
1 128 108
1 128 129
1 128 148
1 190 170
1 190 189
1 190 191
1 75 55
1 75 74
1 75 95
1 68 48
1 68 67
1 68 69
1 68 88
1 192 172
1 192 191
1 12 13
1 52 51
1 52 53
1 66 46
1 66 65
1 148 128
1 148 147
1 136 135
1 136 137
1 136 156
1 101 121
1 182 181
1 182 183
1 100 120
1 100 80
1 100 101
1 95 115
1 194 174
1 194 193
1 71 51
1 71 70
1 195 175
1 174 154
1 174 173
1 174 175
1 174 194
1 166 146
1 155 175
1 39 38
1 39 59
1 48 28
1 48 49
1 48 68
1 18 17
1 18 19
1 18 38
1 192 191
1 192 193
1 80 60
1 107 87
1 107 108
1 182 162
1 182 181
1 171 151
1 171 191
1 81 82
1 81 101
1 28 8
1 28 29
1 153 152
1 153 173
1 183 163
1 183 182
1 183 184
1 77 76
1 77 78
1 77 97
1 153 152
1 153 173
1 158 178
1 130 129
1 131 111
1 131 130
1 131 132
1 175 174
1 175 176
1 175 195
1 136 116
1 136 137
1 136 156
1 182 181
1 160 180
1 184 183
1 184 185
1 198 178
1 13 12
1 13 33
1 71 51
1 71 70
1 71 72
1 71 91
1 36 37
1 25 24
1 25 45
1 162 161
1 162 163
1 103 104
1 103 123
1 170 150
1 170 169
1 170 190
1 38 37
1 38 39
1 38 58
1 21 20
1 59 39
1 59 79
1 19 39
1 66 46
1 66 67
1 161 141
1 161 162
1 161 181
1 72 71
1 45 25
1 45 44
1 45 46
1 45 65
1 21 1
1 21 20
1 21 22
1 10 11
1 71 51
1 71 70
1 71 72
1 195 194
1 110 90
1 110 109
1 110 130
1 14 13
1 14 15
1 90 110
1 183 184
1 79 59
1 79 78
1 79 99
1 29 28
1 192 172
1 192 191
1 192 193
1 123 122
1 123 143
1 140 120
1 49 48
1 49 50
1 49 69
1 19 18
1 169 149
1 169 168
1 169 189
1 134 114
1 134 154
1 111 112
1 155 135
1 155 156
1 160 161
1 48 28
1 48 47
1 48 49
1 21 41
1 147 127
1 147 146
1 147 148
1 147 167
1 58 57
1 58 59
1 58 78
1 116 96
1 116 115
1 29 30
1 184 164
1 184 185
1 52 32
1 52 51
1 52 53
1 52 72
1 193 173
1 187 188
1 194 195
1 103 83
1 103 102
1 103 104
1 24 44
1 80 81
1 80 100
1 68 48
1 68 67
1 68 88
1 103 123
1 40 41
1 165 166
1 158 157
1 158 159
1 158 178
1 64 63
1 64 84
1 156 155
1 156 157
1 34 35
1 34 54
1 81 80
1 81 82
1 42 22
1 42 41
1 42 62
1 155 156
1 155 175
1 139 119
1 139 159
1 148 128
1 148 168
1 23 24
1 134 114
1 134 135
1 104 84
1 104 103
