1 106 86
1 106 105
1 106 126
1 57 37
1 57 58
1 191 171
1 191 190
1 191 192
1 196 195
1 107 87
1 107 106
1 107 108
1 107 127
1 39 19
1 39 59
1 114 94
1 114 113
1 114 134
1 22 23
1 22 42
1 164 163
1 164 165
1 164 184
1 144 143
1 144 145
1 56 76
1 90 70
1 90 91
1 7 6
1 75 95
1 139 119
1 34 33
1 34 35
1 97 77
1 97 96
1 97 98
1 38 18
1 38 39
1 113 93
1 113 112
1 113 114
1 113 133
1 51 52
1 51 71
1 12 11
1 174 175
1 195 175
1 195 196
1 177 157
1 177 197
1 110 130
1 22 23
1 22 42
1 34 14
1 34 35
1 34 54
1 174 154
1 145 125
1 145 146
1 145 165
1 46 26
1 46 45
1 46 47
1 144 124
1 144 143
1 144 145
1 144 164
1 27 26
1 65 85
1 17 16
1 17 37
1 64 65
1 64 84
1 75 55
1 75 74
1 75 95
1 145 144
1 145 165
1 153 133
1 153 154
1 146 145
1 146 147
1 193 192
1 193 194
1 96 76
1 96 95
1 96 97
1 96 116
1 90 89
1 90 91
1 36 35
1 36 37
1 134 114
1 134 133
1 134 135
1 134 154
1 184 164
1 184 185
1 66 46
1 66 65
1 10 9
1 10 11
1 193 173
1 193 192
1 95 75
1 95 94
1 95 115
1 145 146
1 190 170
1 79 78
1 79 99
1 145 146
1 13 14
1 13 33
1 17 37
1 166 165
1 166 167
1 166 186
1 155 156
1 155 175
1 162 142
1 162 161
1 162 182
1 165 145
1 165 164
1 165 185
1 64 44
1 64 63
1 64 65
1 0 1
1 0 20
1 102 82
1 15 35
1 48 49
1 52 51
1 52 53
1 197 198
1 120 100
1 120 121
1 120 140
1 167 147
1 167 166
1 79 59
1 106 107
1 106 126
1 7 6
1 7 8
1 7 27
1 146 147
1 168 148
1 168 188
1 143 163
1 155 154
1 155 156
1 155 175
1 104 103
1 104 105
1 104 124
1 72 52
1 72 92
1 31 11
1 31 32
1 31 51
1 138 137
1 138 139
1 47 27
1 47 46
1 47 48
1 61 62
1 72 71
1 72 73
1 72 92
1 121 101
1 121 141
1 22 2
1 22 21
1 22 42
1 83 82
1 83 103
1 123 124
1 123 143
1 55 35
1 55 54
1 55 56
1 55 75
1 118 117
1 118 119
1 118 138
1 102 82
1 102 103
1 102 122
1 50 51
1 88 68
1 88 108
1 92 72
1 92 91
1 62 61
1 16 15
1 16 17
1 83 63
1 83 84
1 83 103
1 20 0
1 20 21
1 189 188
1 177 157
1 177 197
1 135 134
1 135 136
1 135 155
1 85 65
1 85 86
1 85 105
1 36 16
1 36 37
1 36 56
1 65 45
1 65 64
1 65 66
1 65 85
1 11 10
1 2 3
1 2 22
1 139 119
1 139 159
1 120 100
1 120 140
1 98 97
1 98 99
1 67 68
1 175 155
1 175 174
1 175 176
1 175 195
1 103 83
1 103 123
1 95 75
1 95 94
1 95 96
1 198 178
1 198 197
1 65 45
1 65 64
1 65 66
1 65 85
1 154 134
1 154 153
1 154 155
1 154 174
1 125 105
1 113 93
1 191 192
1 165 145
1 165 185
1 147 146
1 147 148
1 29 9
1 141 142
1 141 161
1 166 146
1 166 165
1 166 167
1 55 35
1 55 54
1 55 56
1 55 75
1 134 114
1 153 133
1 6 5
1 96 97
1 119 99
1 65 64
1 87 88
1 152 132
1 152 172
1 159 158
1 65 45
1 35 15
1 35 36
1 56 55
1 56 57
1 43 23
1 43 42
1 43 44
1 185 165
1 95 75
1 95 94
1 95 115
1 95 75
1 32 12
1 32 31
1 32 33
1 32 52
1 105 85
1 105 104
1 105 106
1 161 141
1 161 160
1 161 162
1 132 112
1 132 131
1 132 152
1 158 138
1 158 159
1 164 144
1 164 163
1 164 165
1 164 184
1 25 45
1 31 30
1 31 32
1 31 51
1 148 128
1 148 168
1 187 167
1 187 186
1 159 139
1 159 158
1 114 94
1 114 115
1 114 134
1 160 161
1 160 180
1 94 93
1 94 95
1 94 114
1 90 89
1 102 82
1 27 26
1 27 28
1 169 170
1 44 24
1 44 45
1 44 64
1 58 38
1 58 57
1 188 168
1 188 187
1 188 189
1 74 75
1 74 94
1 62 42
1 62 61
1 62 82
1 184 164
1 184 185
1 26 6
1 26 25
1 26 46
1 65 45
1 44 24
1 44 45
1 193 192
1 74 75
1 74 94
1 195 175
1 195 194
1 188 187
1 193 173
1 193 192
1 193 194
1 76 75
1 76 96
1 122 102
1 122 121
1 122 142
1 129 109
1 129 128
1 129 130
1 129 149
1 63 43
1 63 62
1 63 64
1 103 102
1 95 96
1 161 160
1 161 162
1 192 172
1 192 191
1 192 193
1 116 96
1 116 115
1 116 117
1 20 0
1 20 21
1 20 40
1 126 106
1 126 146
1 91 71
1 91 90
1 91 92
1 91 111
1 77 76
1 77 78
1 52 53
1 52 72
1 149 148
1 149 150
1 149 169
