1 154 153
1 154 155
1 154 174
1 141 142
1 141 161
1 73 53
1 73 74
1 73 93
1 89 88
1 89 109
1 123 122
1 123 124
1 123 143
1 95 75
1 95 96
1 50 30
1 50 70
1 80 60
1 128 127
1 26 6
1 26 25
1 26 27
1 26 46
1 87 86
1 87 88
1 87 107
1 21 1
1 21 22
1 15 14
1 15 35
1 141 140
1 6 5
1 6 7
1 6 26
1 107 108
1 107 127
1 30 10
1 30 31
1 30 50
1 90 89
1 90 91
1 90 110
1 145 125
1 145 144
1 145 165
1 131 111
1 131 132
1 131 151
1 104 103
1 38 37
1 38 39
1 98 78
1 98 97
1 98 99
1 158 138
1 158 157
1 158 159
1 125 124
1 125 126
1 98 78
1 98 97
1 98 99
1 98 118
1 199 179
1 199 198
1 82 62
1 82 102
1 167 147
1 167 168
1 28 27
1 28 29
1 125 105
1 125 126
1 125 145
1 160 161
1 75 55
1 75 76
1 75 95
1 146 126
1 146 145
1 146 147
1 75 74
1 75 76
1 75 95
1 105 85
1 105 106
1 124 125
1 150 151
1 136 135
1 136 156
1 114 94
1 105 104
1 64 44
1 64 63
1 64 65
1 85 65
1 85 86
1 85 105
1 76 56
1 76 75
1 76 77
1 40 20
1 165 166
1 165 185
1 15 16
1 15 35
1 93 73
1 93 94
1 173 174
1 173 193
1 158 157
1 158 159
1 158 178
1 22 2
1 22 23
1 22 42
1 182 183
1 74 54
1 74 73
1 74 94
1 74 54
1 74 75
1 177 197
1 150 149
1 150 170
1 72 71
1 72 73
1 72 92
1 167 147
1 167 168
1 159 139
1 159 158
1 159 179
1 119 99
1 119 139
1 166 146
1 166 167
1 132 112
1 132 131
1 83 63
1 83 84
1 148 147
1 148 149
1 148 168
1 20 21
1 20 40
1 90 89
1 90 91
1 169 168
1 169 189
1 68 67
1 68 88
1 127 107
1 127 147
1 103 102
1 103 123
1 185 165
1 113 112
1 113 114
1 50 49
1 50 51
1 34 14
1 34 33
1 34 35
1 42 43
1 42 62
1 164 163
1 42 22
1 42 41
1 42 43
1 42 62
1 87 67
1 87 86
1 87 107
1 13 12
1 13 33
1 142 122
1 142 141
1 142 143
1 142 162
1 41 21
1 138 139
1 138 158
1 198 178
1 156 155
1 165 164
1 165 166
1 160 140
1 160 161
1 160 180
1 92 91
1 92 93
1 10 30
1 182 162
1 182 181
1 44 24
1 44 43
1 44 45
1 32 31
1 32 33
1 100 80
1 100 101
1 51 31
1 51 71
1 54 34
1 54 74
1 178 177
1 178 179
1 99 119
1 92 91
1 92 112
1 34 14
1 140 160
1 10 11
1 171 191
1 97 77
1 97 96
1 97 98
1 97 117
1 178 177
1 49 29
1 49 48
1 49 50
1 49 69
1 167 147
1 167 187
1 7 6
1 7 8
1 7 27
1 11 31
1 90 91
1 90 110
1 52 51
1 52 72
1 196 176
1 196 197
1 199 179
1 199 198
1 198 178
1 198 199
1 40 41
1 40 60
1 41 21
1 41 61
1 105 106
1 105 125
1 78 58
1 78 79
1 78 58
1 78 98
1 165 164
1 165 166
1 129 109
1 129 128
1 173 153
1 173 172
1 173 193
1 144 124
1 116 96
1 116 136
1 57 37
1 57 56
1 57 58
1 87 67
1 87 86
1 194 174
1 65 66
1 65 85
1 78 58
1 170 171
1 133 132
1 133 134
1 32 12
1 32 33
1 32 52
1 105 106
1 47 27
1 47 46
1 47 48
1 189 169
1 189 188
1 189 190
1 55 35
1 55 54
1 55 56
1 177 157
1 82 83
1 82 102
1 21 1
1 147 127
1 147 146
1 147 167
1 174 173
1 174 175
1 122 123
1 32 31
1 32 33
1 32 52
1 163 143
1 73 53
1 73 72
1 87 86
1 172 173
1 172 192
1 181 180
1 5 4
1 5 6
1 120 140
1 93 73
1 93 92
1 93 94
1 93 113
1 171 151
1 171 170
1 171 191
1 94 93
1 94 114
1 169 149
1 169 189
1 84 64
1 84 83
1 84 85
1 118 98
1 118 138
1 199 179
1 199 198
1 71 91
1 187 167
1 187 186
1 160 161
1 152 151
1 137 136
1 137 157
1 168 148
1 168 169
1 168 188
1 137 117
1 137 136
1 47 48
1 161 181
1 47 48
1 47 67
1 95 96
1 72 52
1 72 71
1 80 60
1 80 81
1 113 93
1 113 114
1 168 148
1 63 64
1 165 145
1 165 164
1 165 185
1 176 196
1 159 139
1 159 158
1 159 179
1 105 85
1 105 106
1 162 142
1 162 161
1 162 182
1 108 88
1 108 107
1 108 109
1 108 128
1 93 73
1 93 92
1 93 94
1 97 77
1 97 98
1 97 117
1 107 106
1 107 127
1 81 61
1 81 82
1 9 8
1 9 10
1 162 161
1 162 182
1 112 92
1 112 111
1 112 113
1 114 94
1 114 113
1 169 170
