1 51 31
1 51 52
1 28 8
1 28 27
1 28 29
1 128 148
1 1 21
1 153 152
1 176 175
1 176 177
1 149 169
1 53 33
1 53 52
1 53 54
1 53 73
1 181 180
1 131 111
1 131 132
1 158 138
1 158 157
1 158 159
1 158 178
1 92 72
1 92 91
1 167 166
1 167 187
1 114 134
1 12 32
1 47 48
1 47 67
1 91 71
1 152 132
1 152 151
1 154 134
1 154 153
1 154 174
1 24 44
1 143 123
1 143 144
1 37 57
1 52 51
1 52 53
1 93 94
1 93 113
1 177 178
1 177 197
1 28 8
1 28 27
1 28 48
1 184 183
1 115 116
1 50 30
1 50 49
1 21 20
1 21 22
1 21 41
1 63 62
1 63 64
1 63 83
1 171 170
1 171 172
1 171 191
1 54 53
1 54 55
1 135 115
1 135 155
1 18 19
1 18 38
1 125 105
1 125 124
1 125 126
1 125 145
1 15 16
1 173 153
1 173 172
1 173 193
1 191 171
1 100 101
1 162 142
1 162 161
1 162 163
1 162 182
1 48 47
1 48 49
1 72 52
1 72 71
1 81 61
1 81 101
1 114 134
1 186 185
1 185 165
1 185 184
1 185 186
1 99 98
1 131 111
1 131 130
1 131 132
1 198 197
1 67 47
1 18 17
1 18 19
1 18 38
1 165 145
1 99 79
1 99 98
1 99 119
1 31 11
1 31 32
1 31 51
1 18 19
1 18 38
1 161 141
1 161 160
1 161 162
1 77 57
1 77 76
1 77 78
1 138 137
1 21 1
1 21 20
1 21 22
1 176 156
1 176 177
1 176 196
1 169 149
1 169 189
1 130 129
1 130 131
1 130 150
1 173 172
1 22 2
1 22 23
1 22 42
1 72 52
1 190 191
1 4 3
1 4 5
1 93 92
1 93 113
1 128 108
1 128 129
1 128 148
1 89 69
1 89 88
1 89 90
1 89 109
1 146 126
1 146 145
1 66 46
1 66 67
1 27 7
1 27 26
1 27 47
1 157 156
1 157 158
1 157 177
1 73 72
1 73 74
1 39 19
1 112 113
1 7 6
1 7 8
1 140 141
1 140 160
1 177 176
1 86 66
1 86 87
1 6 5
1 6 7
1 6 26
1 37 38
1 37 57
1 167 147
1 167 187
1 192 193
1 84 85
1 162 163
1 162 182
1 82 62
1 82 81
1 82 102
1 115 114
1 115 135
1 77 57
1 77 78
1 169 170
1 169 189
1 85 65
1 85 86
1 85 105
1 73 74
1 73 93
1 174 154
1 46 26
1 46 45
1 46 47
1 72 52
1 72 71
1 4 5
1 4 24
1 198 178
1 198 199
1 184 183
1 184 185
1 14 13
1 14 15
1 148 128
1 148 147
1 66 65
1 66 86
1 51 71
1 173 153
1 173 174
1 173 193
1 191 192
1 167 147
1 167 168
1 56 57
1 56 76
1 29 9
1 167 147
1 167 166
1 182 162
1 182 183
1 3 2
1 3 4
1 3 23
1 11 10
1 11 12
1 70 71
1 70 90
1 45 25
1 45 44
1 45 65
1 98 78
1 98 97
1 98 99
1 143 142
1 143 144
1 143 163
1 1 2
1 1 21
1 12 11
1 12 32
1 1 21
1 33 32
1 122 123
1 122 142
1 82 62
1 82 81
1 82 83
1 58 57
1 34 14
1 130 150
1 88 68
1 88 89
1 88 108
1 80 81
1 13 12
1 13 14
1 13 33
1 166 146
1 166 165
1 37 38
1 105 85
1 105 106
1 105 125
1 155 135
1 155 154
1 155 156
1 93 73
1 93 92
1 93 94
1 93 113
1 3 2
1 125 105
1 125 124
1 125 126
1 149 129
1 149 150
1 26 25
1 26 27
1 69 70
1 71 51
1 71 72
1 71 91
1 6 7
1 84 64
1 84 104
1 191 190
1 150 151
1 116 117
1 74 94
1 121 120
1 121 122
1 21 1
1 11 10
1 63 43
1 63 62
1 63 64
1 32 12
1 32 52
1 140 120
1 140 160
1 185 184
1 185 186
1 197 177
1 197 198
1 162 161
1 162 163
1 162 182
1 114 113
1 114 115
1 128 108
1 3 2
1 3 4
1 3 23
1 90 70
1 90 89
1 90 91
1 151 131
1 151 150
1 55 35
1 55 56
1 55 75
1 129 109
1 129 128
1 129 130
1 44 24
1 44 43
1 44 64
1 133 113
1 133 153
1 131 111
1 131 132
1 131 151
1 180 181
1 29 28
1 29 30
1 74 54
1 74 75
1 193 192
1 193 194
1 84 64
1 84 83
1 187 167
1 187 188
1 175 155
1 175 174
1 30 10
1 121 120
1 121 122
1 189 169
1 189 188
1 120 100
1 120 140
1 3 2
1 3 4
1 3 23
1 54 34
1 54 55
1 54 74
1 102 82
1 102 103
1 102 122
1 141 121
1 141 140
1 141 142
1 141 161
1 154 134
1 154 153
1 154 155
1 154 174
1 86 66
