1 168 167
1 168 188
1 142 141
1 168 148
1 168 188
1 88 68
1 88 87
1 88 89
1 4 3
1 4 24
1 111 91
1 111 112
1 111 131
1 30 29
1 30 50
1 198 197
1 182 181
1 182 183
1 4 3
1 4 24
1 5 4
1 5 6
1 80 60
1 80 100
1 86 106
1 76 56
1 76 96
1 127 147
1 5 25
1 141 161
1 80 60
1 53 33
1 53 52
1 53 54
1 53 73
1 32 31
1 32 33
1 18 19
1 174 175
1 174 194
1 148 147
1 105 104
1 105 106
1 131 130
1 131 151
1 2 3
1 2 22
1 152 172
1 151 131
1 73 72
1 73 93
1 59 58
1 183 163
1 183 184
1 61 62
1 61 81
1 26 25
1 26 27
1 26 46
1 138 137
1 138 139
1 138 158
1 61 41
1 61 81
1 157 137
1 189 169
1 189 188
1 125 124
1 125 126
1 116 96
1 116 117
1 116 136
1 130 129
1 7 27
1 185 184
1 199 179
1 199 198
1 66 86
1 199 179
1 14 13
1 14 15
1 22 21
1 22 23
1 98 97
1 98 99
1 98 118
1 17 16
1 17 18
1 89 69
1 89 88
1 89 90
1 89 109
1 146 126
1 146 166
1 37 38
1 146 145
1 146 147
1 146 166
1 31 11
1 99 79
1 99 98
1 99 119
1 77 57
1 77 76
1 77 78
1 77 97
1 109 89
1 109 108
1 109 110
1 109 129
1 4 3
1 119 99
1 119 118
1 161 160
1 162 142
1 162 161
1 162 163
1 113 114
1 40 60
1 182 162
1 182 181
1 182 183
1 52 53
1 173 153
1 173 174
1 133 113
1 133 132
1 133 134
1 52 32
1 52 51
1 52 72
1 2 3
1 77 57
1 77 97
1 170 150
1 116 115
1 116 117
1 181 180
1 171 151
1 171 170
1 171 172
1 171 191
1 41 42
1 41 61
1 42 22
1 42 41
1 42 43
1 42 62
1 17 18
1 38 18
1 38 39
1 58 78
1 14 15
1 14 34
1 0 1
1 0 20
1 199 198
1 17 16
1 17 37
1 74 94
1 75 55
1 75 74
1 70 50
1 70 71
1 12 11
1 12 13
1 12 32
1 158 159
1 158 178
1 98 78
1 98 97
1 98 99
1 142 122
1 142 141
1 93 92
1 93 113
1 125 105
1 125 145
1 168 148
1 168 167
1 168 188
1 32 33
1 32 52
1 62 42
1 62 82
1 102 101
1 102 103
1 34 33
1 138 118
1 138 137
1 138 158
1 112 92
1 112 113
1 8 7
1 23 3
1 23 24
1 1 21
1 88 87
1 88 89
1 47 27
1 47 46
1 47 48
1 47 67
1 105 104
1 105 106
1 150 149
1 150 151
1 5 4
1 82 62
1 82 83
1 82 102
1 11 10
1 11 12
1 51 50
1 51 52
1 7 6
1 7 8
1 149 129
1 149 148
1 188 187
1 23 3
1 23 43
1 122 123
1 25 5
1 25 24
1 25 45
1 157 156
1 157 158
1 157 177
1 105 106
1 147 127
1 147 148
1 194 174
1 194 193
1 194 195
1 47 48
1 47 67
1 81 61
1 81 82
1 81 101
1 13 12
1 13 14
1 191 171
1 191 190
1 108 88
1 108 107
1 108 109
1 100 120
1 54 34
1 46 45
1 46 66
1 13 12
1 151 131
1 151 150
1 151 152
1 151 171
1 75 76
1 166 165
1 166 186
1 68 69
1 68 88
1 94 74
1 94 93
1 94 95
1 94 114
1 63 64
1 63 83
1 166 165
1 166 167
1 173 153
1 173 172
1 173 174
1 173 193
1 108 88
1 108 107
1 108 109
1 108 128
1 69 49
1 69 70
1 69 89
1 159 158
1 159 179
1 121 120
1 121 141
1 9 10
1 22 21
1 22 42
1 182 181
1 55 54
1 179 159
1 179 178
1 9 8
1 9 10
1 9 29
1 43 23
1 43 42
1 97 96
1 97 98
1 52 32
1 52 53
1 47 48
1 75 55
1 63 43
1 63 62
1 133 113
1 133 132
1 133 153
1 76 56
1 76 75
1 76 96
1 135 134
1 135 155
1 14 13
1 14 34
1 104 84
1 104 105
1 104 124
1 176 177
1 176 196
1 18 38
1 67 47
1 67 66
1 75 55
1 75 95
1 39 19
1 39 38
1 39 59
1 186 185
1 148 149
1 148 168
1 173 153
1 173 172
1 148 128
1 148 147
1 148 149
1 148 168
1 65 85
1 42 22
1 42 43
1 177 157
1 177 178
1 183 184
1 153 173
1 31 11
1 81 80
1 81 101
1 40 20
1 98 78
1 98 97
1 60 61
1 147 127
1 147 148
1 55 75
1 91 90
1 91 92
1 89 88
1 89 90
1 56 36
1 56 55
1 56 57
1 56 76
1 88 68
1 88 89
1 43 23
1 43 42
1 43 44
1 198 197
1 180 160
