1 149 148
1 43 23
1 43 42
1 43 63
1 184 183
1 184 185
1 187 186
1 187 188
1 118 138
1 4 24
1 104 105
1 172 171
1 172 173
1 88 89
1 101 100
1 101 121
1 132 131
1 132 152
1 12 11
1 12 32
1 112 113
1 112 132
1 169 168
1 6 26
1 193 173
1 193 192
1 193 194
1 33 13
1 33 32
1 153 152
1 151 131
1 151 152
1 59 39
1 59 79
1 178 158
1 178 177
1 178 179
1 38 39
1 38 58
1 115 95
1 115 135
1 4 3
1 4 5
1 4 24
1 45 44
1 45 65
1 129 109
1 129 130
1 161 160
1 161 162
1 161 181
1 83 84
1 187 167
1 163 143
1 113 93
1 164 144
1 164 184
1 151 131
1 151 150
1 151 171
1 61 41
1 61 81
1 133 134
1 79 59
1 72 71
1 72 73
1 64 63
1 64 65
1 178 198
1 72 52
1 72 73
1 49 29
1 49 48
1 49 50
1 49 69
1 155 154
1 168 167
1 109 89
1 109 129
1 25 5
1 25 24
1 25 26
1 25 45
1 31 32
1 31 51
1 15 14
1 15 16
1 70 71
1 30 29
1 30 31
1 162 182
1 141 121
1 141 161
1 11 12
1 183 184
1 186 166
1 186 185
1 186 187
1 106 86
1 106 105
1 106 126
1 18 38
1 103 102
1 103 83
1 103 102
1 103 123
1 27 7
1 27 26
1 27 28
1 27 47
1 0 1
1 86 85
1 71 51
1 71 91
1 51 52
1 51 71
1 61 62
1 61 81
1 35 34
1 35 36
1 35 55
1 157 156
1 157 177
1 61 41
1 61 62
1 61 81
1 38 18
1 38 37
1 168 167
1 168 169
1 70 50
1 70 69
1 70 71
1 70 90
1 141 140
1 29 28
1 29 30
1 184 164
1 184 183
1 197 196
1 197 198
1 63 43
1 63 62
1 63 83
1 64 63
1 64 65
1 187 167
1 187 188
1 34 14
1 34 35
1 34 54
1 47 27
1 47 67
1 181 182
1 59 39
1 101 100
1 165 145
1 165 164
1 96 95
1 96 97
1 3 2
1 3 4
1 3 23
1 49 48
1 49 50
1 184 185
1 173 153
1 173 174
1 85 86
1 183 163
1 183 184
1 182 183
1 12 11
1 12 13
1 12 32
1 113 93
1 113 114
1 93 94
1 93 113
1 24 4
1 24 44
1 105 106
1 105 125
1 9 8
1 9 10
1 9 29
1 39 38
1 39 59
1 85 65
1 85 84
1 90 89
1 106 126
1 7 27
1 27 26
1 27 47
1 0 20
1 198 199
1 119 139
1 146 126
1 146 147
1 119 99
1 170 150
1 170 169
1 170 190
1 165 145
1 165 164
1 165 185
1 109 108
1 109 110
1 101 81
1 101 121
1 96 76
1 96 97
1 96 116
1 131 111
1 131 130
1 45 44
1 45 46
1 30 10
1 30 29
1 30 50
1 61 41
1 121 101
1 46 26
1 46 45
1 46 47
1 46 66
1 50 30
1 50 49
1 50 51
1 50 70
1 124 125
1 22 2
1 22 42
1 72 52
1 72 71
1 114 115
1 162 142
1 162 163
1 130 110
1 130 129
1 130 131
1 130 150
1 124 104
1 122 102
1 122 121
1 122 142
1 64 63
1 64 65
1 64 84
1 38 39
1 38 58
1 163 143
1 115 95
1 115 114
1 115 135
1 152 132
1 152 151
1 152 172
1 118 98
1 118 117
1 118 119
1 118 138
1 80 60
1 168 167
1 168 188
1 44 24
1 44 43
1 44 64
1 149 148
1 149 169
1 84 83
1 84 85
1 84 104
1 170 171
1 170 190
1 145 125
1 145 146
1 145 165
1 47 46
1 47 48
1 47 67
1 104 124
1 139 138
1 139 159
1 143 123
1 143 144
1 86 66
1 86 106
1 14 13
1 61 60
1 61 62
1 41 42
1 110 109
1 110 130
1 53 33
1 53 52
1 22 21
1 22 23
1 22 42
1 177 178
1 194 174
1 194 193
1 89 69
1 89 90
1 89 109
1 6 5
1 6 7
1 6 26
1 62 42
1 62 61
1 123 122
1 123 124
1 72 52
1 129 109
1 129 149
1 149 129
1 149 150
1 103 83
1 103 104
1 103 123
1 161 160
1 161 181
1 139 119
1 139 138
1 139 159
1 196 197
1 123 103
1 123 124
1 123 143
1 181 161
1 181 180
1 145 144
1 145 165
1 192 191
1 94 74
1 184 183
1 99 79
1 99 98
1 159 139
1 59 39
1 59 79
